1
(-485, 65)
(-491, 88)
(-475, 107)
(-435, 52)
(-424, 134)
(-469, 180)
(-454, 200)
(-425, 214)
(-400, 168)
(-381, 187)
(-399, 233)
(-441, 294)
(-422, 312)
(-398, 309)
(-373, 254)
(-356, 203)
(-305, 242)
(-307, 271)
(-339, 326)
(-377, 401)
(-295, 413)
(-273, 349)
(-254, 259)
(-259, 185)
(-306, 147)
(-270, 140)
(-239, 177)
(-230, 219)
(-227, 248)
(-190, 275)
(-111, 287)
(-112, 228)
(-129, 186)
(-116, 197)
(-111, 205)
(-110, 206)
(-93, 256)
(-119, 326)
(-302, 418)
(-215, 465)
(-73, 344)
(48, 245)
(-59, 110)
(-157, 182)
(-180, 234)
(-178, 145)
(-88, 103)
(-8, 112)
(77, 288)
(5, 403)
(117, 396)
(224, 256)
(192, 183)
(97, 206)
(95, 99)
(89, 63)
(114, 15)
(170, 36)
(214, 80)
(321, 117)
(340, 86)
(340, 20)
(290, -7)
(195, -26)
(154, -57)
(129, -126)
(181, -164)
(256, -178)
(290, -213)
(252, -269)
(201, -227)
(132, -205)
(73, -128)
(73, -63)
(10, 37)
(-37, 76)
(-31, -9)
(6, -90)
(44, -250)
(187, -300)
(198, -307)
(246, -391)
(293, -488)
(361, -403)
(370, -394)
(412, -459)
(363, -519)
(296, -545)
(197, -457)
(23, -366)
(-57, -491)
(-189, -400)
(-161, -330)
(-96, -327)
(-49, -242)
(-75, -216)
(-210, -174)
(-280, -242)
(-254, -446)
(-342, -382)
(-402, -278)
(-327, -143)
(-163, -42)
(-119, 96)
(-267, 75)
(-259, -76)
(-340, -86)
(-397, -190)
(-475, -273)
(-519, -337)
(-713, -94)
(-524, -120)
(-438, -44)
(-537, -44)
(-547, 23)
(-506, 15)
(-423, -3)
(-376, -13)
(-293, 20)
(-335, 135)
(-400, 46)
(-451, 39)
