1
(-445, 184)
(-250, 232)
(49, 212)
(398, 70)
(499, -176)
(416, -146)
(402, -100)
(346, -16)
(298, -69)
(351, -112)
(371, -157)
(409, -239)
(520, -227)
(593, -166)
(573, -113)
(520, 4)
(469, 81)
(444, 95)
(302, 149)
(207, 206)
(134, 258)
(145, 314)
(292, 306)
(396, 252)
(506, 168)
(677, 85)
(680, -53)
(692, -219)
(705, -294)
(538, -355)
(470, -317)
(392, -317)
(302, -284)
(293, -258)
(286, -209)
(253, -147)
(182, -67)
(128, -41)
(81, -74)
(133, -150)
(192, -263)
(279, -343)
(251, -494)
(81, -503)
(76, -447)
(90, -419)
(1, -291)
(-49, -211)
(-129, -176)
(-131, -253)
(-77, -310)
(-65, -383)
(-49, -473)
(-139, -548)
(-330, -560)
(-311, -499)
(-212, -463)
(-183, -390)
(-219, -315)
(-205, -173)
(-108, -98)
(-28, -133)
(48, -121)
(19, -27)
(88, 1)
(50, 58)
(-136, 88)
(-238, -37)
(-379, -159)
(-417, -327)
(-426, -452)
(-431, -503)
(-374, -576)
(-311, -610)
(-129, -652)
(206, -598)
(324, -551)
(515, -522)
(444, -638)
(93, -685)
(-231, -725)
(-440, -718)
(-575, -645)
(-577, -595)
(-546, -518)
(-516, -371)
(-551, -286)
(-605, -364)
(-657, -447)
(-754, -574)
(-857, -643)
(-939, -661)
(-1114, -640)
(-1276, -586)
(-1373, -548)
(-1592, -560)
(-1696, -600)
(-1854, -668)
(-2036, -713)
(-2104, -687)
(-2132, -598)
(-2109, -508)
(-2062, -473)
(-2059, -626)
(-1979, -643)
(-1887, -624)
(-1781, -572)
(-1774, -463)
(-1901, -331)
(-2090, -393)
(-2213, -475)
(-2328, -624)
(-2356, -652)
(-2411, -666)
(-2371, -574)
(-2335, -520)
(-2170, -303)
(-2047, -211)
(-1852, -190)
(-1677, -242)
(-1675, -381)
(-1687, -482)
(-1621, -515)
(-1576, -440)
(-1581, -371)
(-1597, -138)
(-1696, -88)
(-1880, -13)
(-1894, 119)
(-1802, 129)
(-1654, 27)
(-1531, -51)
(-1479, -183)
(-1475, -345)
(-1449, -428)
(-1378, -456)
(-1267, -506)
(-1187, -548)
(-1083, -574)
(-991, -584)
(-935, -581)
(-873, -541)
(-960, -428)
(-1118, -322)
(-1239, -232)
(-1359, -98)
(-1699, 157)
(-1762, 220)
(-1788, 296)
(-1717, 303)
(-1701, 254)
(-1569, 180)
(-1517, 185)
(-1524, 301)
(-1776, 465)
(-1736, 500)
(-1640, 477)
(-1524, 371)
(-1423, 308)
(-1423, 263)
(-1456, 96)
(-1380, 6)
(-1331, -32)
(-1253, -110)
(-1184, -197)
(-1081, -249)
(-1001, -315)
(-911, -419)
(-834, -428)
(-818, -362)
(-873, -305)
(-932, -239)
(-1008, -161)
(-1121, 22)
(-1220, 218)
(-1300, 334)
(-1364, 448)
(-1496, 543)
(-1673, 623)
(-1722, 632)
(-1838, 627)
(-1899, 535)
(-1880, 369)
(-1871, 230)
(-1960, 121)
(-2111, 74)
(-2168, 162)
(-2071, 176)
(-2024, 244)
(-2007, 350)
(-2017, 469)
(-2026, 550)
(-2012, 623)
(-1977, 689)
(-1925, 724)
(-1819, 741)
(-1732, 741)
(-1609, 715)
(-1491, 668)
(-1406, 606)
(-1274, 486)
(-1232, 430)
(-1135, 303)
(-1104, 225)
(-1067, 103)
(-951, 60)
(-909, 133)
(-953, 225)
(-1069, 386)
(-1128, 474)
(-1229, 587)
(-1375, 682)
(-1538, 769)
(-1656, 835)
(-1819, 941)
(-1915, 986)
(-1892, 1028)
(-1838, 1031)
(-1741, 1024)
(-1677, 976)
(-1621, 925)
(-1548, 887)
(-1463, 851)
(-1359, 807)
(-1288, 778)
(-1286, 842)
(-1470, 988)
(-1524, 1019)
(-1675, 1111)
(-1750, 1219)
(-1767, 1262)
(-1769, 1292)
(-1856, 1476)
(-1689, 1568)
(-1566, 1592)
(-1420, 1597)
(-1335, 1597)
(-1083, 1597)
(-906, 1580)
(-894, 1538)
(-885, 1479)
(-1048, 1453)
(-1267, 1453)
(-1491, 1476)
(-1592, 1474)
(-1649, 1448)
(-1694, 1406)
(-1677, 1314)
(-1592, 1243)
(-1510, 1200)
(-1394, 1137)
(-1276, 1047)
(-1189, 955)
(-1175, 903)
(-1173, 825)
(-1149, 767)
(-1088, 637)
(-1038, 630)
(-920, 703)
(-930, 823)
(-1038, 986)
(-1055, 1083)
(-1022, 1165)
(-892, 1229)
(-815, 1325)
(-787, 1403)
(-838, 1479)
(-825, 1512)
(-756, 1542)
(-657, 1535)
(-653, 1446)
(-752, 1321)
(-714, 1193)
(-608, 1217)
(-528, 1358)
(-584, 1450)
(-615, 1538)
(-551, 1564)
(-450, 1516)
(-424, 1406)
(-511, 1186)
(-355, 1215)
(-355, 1342)
(-412, 1498)
(-379, 1568)
(-278, 1568)
(-238, 1436)
(-226, 1283)
(-205, 1144)
(-407, 1045)
(-572, 1009)
(-728, 950)
(-615, 844)
(-447, 863)
(-358, 908)
(-247, 932)
(-223, 835)
(-292, 811)
(-473, 795)
(-521, 759)
(-565, 703)
(-506, 656)
(-261, 665)
(-120, 734)
(-96, 778)
(-84, 939)
(-91, 1005)
(-18, 1111)
(85, 1179)
(100, 1231)
(93, 1330)
(-23, 1457)
(-124, 1488)
(-238, 1538)
(-219, 1578)
(-108, 1568)
(45, 1516)
(107, 1498)
(265, 1441)
(328, 1323)
(175, 1123)
(81, 1026)
(-4, 925)
(-11, 856)
(15, 752)
(-37, 684)
(-221, 597)
(-365, 543)
(-341, 486)
(-200, 486)
(-42, 495)
(163, 613)
(236, 823)
(364, 1094)
(602, 1233)
(1090, 1240)
(998, 1130)
(790, 1101)
(597, 1038)
(637, 901)
(581, 804)
(399, 682)
(517, 611)
(953, 557)
(1099, 594)
(1175, 411)
(908, 393)
(788, 430)
(592, 462)
(326, 498)
(255, 472)
(182, 419)
(104, 371)
(-89, 322)
(-202, 324)
(-351, 376)
(-620, 423)
(-674, 493)
(-726, 613)
(-789, 517)
(-723, 383)
(-558, 315)
(-495, 279)
(-483, 199)
